 +0.00000000e+00 +0.00000000e+00 0.0000e+00 
 +5.00000000e-03 +0.00000000e+00 2.5000e-05 
 +1.00000000e-02 +4.99999969e-05 5.0000e-05 
 +1.50000000e-02 +1.49999959e-04 7.5000e-05 
 +2.00000000e-02 +2.99999819e-04 1.0000e-04 
 +2.50000000e-02 +4.99999469e-04 1.2500e-04 
 +3.00000000e-02 +7.49998766e-04 1.5000e-04 
 +3.50000000e-02 +1.04999753e-03 1.7500e-04 
 +4.00000000e-02 +1.39999554e-03 2.0000e-04 
 +4.50000000e-02 +1.79999254e-03 2.2501e-04 
 +5.00000000e-02 +2.24998823e-03 2.5001e-04 
 +5.50000000e-02 +2.74998230e-03 2.7502e-04 
 +6.00000000e-02 +3.29997436e-03 3.0003e-04 
 +6.50000000e-02 +3.89996400e-03 3.2504e-04 
 +7.00000000e-02 +4.54995080e-03 3.5005e-04 
 +7.50000000e-02 +5.24993426e-03 3.7507e-04 
 +8.00000000e-02 +5.99991387e-03 4.0009e-04 
 +8.50000000e-02 +6.79988906e-03 4.2511e-04 
 +9.00000000e-02 +7.64985925e-03 4.5014e-04 
 +9.50000000e-02 +8.54982380e-03 4.7518e-04 
 +1.00000000e-01 +9.49978205e-03 5.0022e-04 
 +1.05000000e-01 +1.04997333e-02 5.2527e-04 
 +1.10000000e-01 +1.15496767e-02 5.5032e-04 
 +1.15000000e-01 +1.26496117e-02 5.7539e-04 
 +1.20000000e-01 +1.37995372e-02 6.0046e-04 
 +1.25000000e-01 +1.49994526e-02 6.2555e-04 
 +1.30000000e-01 +1.62493568e-02 6.5064e-04 
 +1.35000000e-01 +1.75492489e-02 6.7575e-04 
 +1.40000000e-01 +1.88991281e-02 7.0087e-04 
 +1.45000000e-01 +2.02989932e-02 7.2601e-04 
 +1.50000000e-01 +2.17488431e-02 7.5116e-04 
 +1.55000000e-01 +2.32486770e-02 7.7632e-04 
 +1.60000000e-01 +2.47984935e-02 8.0151e-04 
 +1.65000000e-01 +2.63982915e-02 8.2671e-04 
 +1.70000000e-01 +2.80480698e-02 8.5193e-04 
 +1.75000000e-01 +2.97478273e-02 8.7717e-04 
 +1.80000000e-01 +3.14975625e-02 9.0244e-04 
 +1.85000000e-01 +3.32972741e-02 9.2773e-04 
 +1.90000000e-01 +3.51469609e-02 9.5304e-04 
 +1.95000000e-01 +3.70466214e-02 9.7838e-04 
 +2.00000000e-01 +3.89962542e-02 1.0037e-03 
 +2.05000000e-01 +4.09958577e-02 1.0291e-03 
 +2.10000000e-01 +4.30454305e-02 1.0546e-03 
 +2.15000000e-01 +4.51449710e-02 1.0800e-03 
 +2.20000000e-01 +4.72944776e-02 1.1055e-03 
 +2.25000000e-01 +4.94939486e-02 1.1311e-03 
 +2.30000000e-01 +5.17433824e-02 1.1566e-03 
 +2.35000000e-01 +5.40427773e-02 1.1822e-03 
 +2.40000000e-01 +5.63921314e-02 1.2079e-03 
 +2.45000000e-01 +5.87914430e-02 1.2336e-03 
 +2.50000000e-01 +6.12407101e-02 1.2593e-03 
 +2.55000000e-01 +6.37399310e-02 1.2851e-03 
 +2.60000000e-01 +6.62891036e-02 1.3109e-03 
 +2.65000000e-01 +6.88882261e-02 1.3368e-03 
 +2.70000000e-01 +7.15372962e-02 1.3627e-03 
 +2.75000000e-01 +7.42363121e-02 1.3887e-03 
 +2.80000000e-01 +7.69852716e-02 1.4147e-03 
 +2.85000000e-01 +7.97841724e-02 1.4408e-03 
 +2.90000000e-01 +8.26330125e-02 1.4670e-03 
 +2.95000000e-01 +8.55317895e-02 1.4932e-03 
 +3.00000000e-01 +8.84805012e-02 1.5195e-03 
 +3.05000000e-01 +9.14791452e-02 1.5459e-03 
 +3.10000000e-01 +9.45277191e-02 1.5723e-03 
 +3.15000000e-01 +9.76262205e-02 1.5988e-03 
 +3.20000000e-01 +1.00774647e-01 1.6254e-03 
 +3.25000000e-01 +1.03972996e-01 1.6520e-03 
 +3.30000000e-01 +1.07221264e-01 1.6787e-03 
 +3.35000000e-01 +1.10519450e-01 1.7055e-03 
 +3.40000000e-01 +1.13867551e-01 1.7324e-03 
 +3.45000000e-01 +1.17265563e-01 1.7594e-03 
 +3.50000000e-01 +1.20713485e-01 1.7865e-03 
 +3.55000000e-01 +1.24211312e-01 1.8137e-03 
 +3.60000000e-01 +1.27759043e-01 1.8410e-03 
 +3.65000000e-01 +1.31356674e-01 1.8683e-03 
 +3.70000000e-01 +1.35004202e-01 1.8958e-03 
 +3.75000000e-01 +1.38701625e-01 1.9234e-03 
 +3.80000000e-01 +1.42448939e-01 1.9511e-03 
 +3.85000000e-01 +1.46246140e-01 1.9789e-03 
 +3.90000000e-01 +1.50093227e-01 2.0068e-03 
 +3.95000000e-01 +1.53990194e-01 2.0348e-03 
 +4.00000000e-01 +1.57937040e-01 2.0630e-03 
 +4.05000000e-01 +1.61933761e-01 2.0912e-03 
 +4.10000000e-01 +1.65980353e-01 2.1196e-03 
 +4.15000000e-01 +1.70076812e-01 2.1482e-03 
 +4.20000000e-01 +1.74223135e-01 2.1769e-03 
 +4.25000000e-01 +1.78419319e-01 2.2057e-03 
 +4.30000000e-01 +1.82665359e-01 2.2346e-03 
 +4.35000000e-01 +1.86961252e-01 2.2637e-03 
 +4.40000000e-01 +1.91306995e-01 2.2930e-03 
 +4.45000000e-01 +1.95702582e-01 2.3224e-03 
 +4.50000000e-01 +2.00148010e-01 2.3520e-03 
 +4.55000000e-01 +2.04643274e-01 2.3817e-03 
 +4.60000000e-01 +2.09188372e-01 2.4116e-03 
 +4.65000000e-01 +2.13783298e-01 2.4417e-03 
 +4.70000000e-01 +2.18428048e-01 2.4720e-03 
 +4.75000000e-01 +2.23122618e-01 2.5024e-03 
 +4.80000000e-01 +2.27867004e-01 2.5330e-03 
 +4.85000000e-01 +2.32661200e-01 2.5638e-03 
 +4.90000000e-01 +2.37505202e-01 2.5948e-03 
 +4.95000000e-01 +2.42399005e-01 2.6260e-03 
 +5.00000000e-01 +2.47342606e-01 2.6574e-03 
 +5.05000000e-01 +2.52335997e-01 2.6890e-03 
 +5.10000000e-01 +2.57379176e-01 2.7208e-03 
 +5.15000000e-01 +2.62472136e-01 2.7529e-03 
 +5.20000000e-01 +2.67614873e-01 2.7851e-03 
 +5.25000000e-01 +2.72807380e-01 2.8176e-03 
 +5.30000000e-01 +2.78049654e-01 2.8503e-03 
 +5.35000000e-01 +2.83341688e-01 2.8833e-03 
 +5.40000000e-01 +2.88683477e-01 2.9165e-03 
 +5.45000000e-01 +2.94075015e-01 2.9500e-03 
 +5.50000000e-01 +2.99516296e-01 2.9837e-03 
 +5.55000000e-01 +3.05007315e-01 3.0177e-03 
 +5.60000000e-01 +3.10548065e-01 3.0519e-03 
 +5.65000000e-01 +3.16138541e-01 3.0865e-03 
 +5.70000000e-01 +3.21778736e-01 3.1213e-03 
 +5.75000000e-01 +3.27468644e-01 3.1564e-03 
 +5.80000000e-01 +3.33208258e-01 3.1917e-03 
 +5.85000000e-01 +3.38997572e-01 3.2274e-03 
 +5.90000000e-01 +3.44836579e-01 3.2634e-03 
 +5.95000000e-01 +3.50725272e-01 3.2997e-03 
 +6.00000000e-01 +3.56663645e-01 3.3364e-03 
 +6.05000000e-01 +3.62651689e-01 3.3733e-03 
 +6.10000000e-01 +3.68689399e-01 3.4106e-03 
 +6.15000000e-01 +3.74776766e-01 3.4482e-03 
 +6.20000000e-01 +3.80913784e-01 3.4862e-03 
 +6.25000000e-01 +3.87100443e-01 3.5246e-03 
 +6.30000000e-01 +3.93336738e-01 3.5633e-03 
 +6.35000000e-01 +3.99622659e-01 3.6023e-03 
 +6.40000000e-01 +4.05958198e-01 3.6418e-03 
 +6.45000000e-01 +4.12343348e-01 3.6817e-03 
 +6.50000000e-01 +4.18778099e-01 3.7219e-03 
 +6.55000000e-01 +4.25262443e-01 3.7626e-03 
 +6.60000000e-01 +4.31796371e-01 3.8036e-03 
 +6.65000000e-01 +4.38379875e-01 3.8451e-03 
 +6.70000000e-01 +4.45012945e-01 3.8871e-03 
 +6.75000000e-01 +4.51695572e-01 3.9294e-03 
 +6.80000000e-01 +4.58427745e-01 3.9723e-03 
 +6.85000000e-01 +4.65209456e-01 4.0155e-03 
 +6.90000000e-01 +4.72040695e-01 4.0593e-03 
 +6.95000000e-01 +4.78921451e-01 4.1035e-03 
 +7.00000000e-01 +4.85851714e-01 4.1483e-03 
 +7.05000000e-01 +4.92831474e-01 4.1935e-03 
 +7.10000000e-01 +4.99860719e-01 4.2393e-03 
 +7.15000000e-01 +5.06939438e-01 4.2856e-03 
 +7.20000000e-01 +5.14067621e-01 4.3324e-03 
 +7.25000000e-01 +5.21245256e-01 4.3797e-03 
 +7.30000000e-01 +5.28472331e-01 4.4277e-03 
 +7.35000000e-01 +5.35748834e-01 4.4762e-03 
 +7.40000000e-01 +5.43074753e-01 4.5252e-03 
 +7.45000000e-01 +5.50450075e-01 4.5749e-03 
 +7.50000000e-01 +5.57874788e-01 4.6252e-03 
 +7.55000000e-01 +5.65348878e-01 4.6761e-03 
 +7.60000000e-01 +5.72872332e-01 4.7277e-03 
 +7.65000000e-01 +5.80445137e-01 4.7799e-03 
 +7.70000000e-01 +5.88067278e-01 4.8327e-03 
 +7.75000000e-01 +5.95738742e-01 4.8863e-03 
 +7.80000000e-01 +6.03459513e-01 4.9405e-03 
 +7.85000000e-01 +6.11229577e-01 4.9954e-03 
 +7.90000000e-01 +6.19048919e-01 5.0511e-03 
 +7.95000000e-01 +6.26917522e-01 5.1075e-03 
 +8.00000000e-01 +6.34835372e-01 5.1646e-03 
 +8.05000000e-01 +6.42802452e-01 5.2225e-03 
 +8.10000000e-01 +6.50818745e-01 5.2813e-03 
 +8.15000000e-01 +6.58884234e-01 5.3408e-03 
 +8.20000000e-01 +6.66998902e-01 5.4011e-03 
 +8.25000000e-01 +6.75162731e-01 5.4623e-03 
 +8.30000000e-01 +6.83375703e-01 5.5243e-03 
 +8.35000000e-01 +6.91637798e-01 5.5872e-03 
 +8.40000000e-01 +6.99948999e-01 5.6510e-03 
 +8.45000000e-01 +7.08309285e-01 5.7157e-03 
 +8.50000000e-01 +7.16718637e-01 5.7814e-03 
 +8.55000000e-01 +7.25177034e-01 5.8480e-03 
 +8.60000000e-01 +7.33684455e-01 5.9155e-03 
 +8.65000000e-01 +7.42240878e-01 5.9841e-03 
 +8.70000000e-01 +7.50846283e-01 6.0537e-03 
 +8.75000000e-01 +7.59500645e-01 6.1244e-03 
 +8.80000000e-01 +7.68203943e-01 6.1961e-03 
 +8.85000000e-01 +7.76956153e-01 6.2688e-03 
 +8.90000000e-01 +7.85757250e-01 6.3427e-03 
 +8.95000000e-01 +7.94607210e-01 6.4178e-03 
 +9.00000000e-01 +8.03506008e-01 6.4940e-03 
 +9.05000000e-01 +8.12453618e-01 6.5714e-03 
 +9.10000000e-01 +8.21450012e-01 6.6500e-03 
 +9.15000000e-01 +8.30495165e-01 6.7298e-03 
 +9.20000000e-01 +8.39589048e-01 6.8110e-03 
 +9.25000000e-01 +8.48731632e-01 6.8934e-03 
 +9.30000000e-01 +8.57922888e-01 6.9771e-03 
 +9.35000000e-01 +8.67162786e-01 7.0622e-03 
 +9.40000000e-01 +8.76451296e-01 7.1487e-03 
 +9.45000000e-01 +8.85788386e-01 7.2366e-03 
 +9.50000000e-01 +8.95174023e-01 7.3260e-03 
 +9.55000000e-01 +9.04608174e-01 7.4168e-03 
 +9.60000000e-01 +9.14090806e-01 7.5092e-03 
 +9.65000000e-01 +9.23621883e-01 7.6031e-03 
 +9.70000000e-01 +9.33201370e-01 7.6986e-03 
 +9.75000000e-01 +9.42829230e-01 7.7958e-03 
 +9.80000000e-01 +9.52505425e-01 7.8946e-03 
 +9.85000000e-01 +9.62229917e-01 7.9951e-03 
 +9.90000000e-01 +9.72002667e-01 8.0973e-03 
 +9.95000000e-01 +9.81823632e-01 8.2014e-03 
 +1.00000000e+00 +9.91692773e-01 8.3072e-03 
