 +0.00000000e+00 +0.00000000e+00 0.0000e+00 
 +2.00000000e-03 +0.00000000e+00 4.0000e-06 
 +4.00000000e-03 +7.99999997e-06 8.0000e-06 
 +6.00000000e-03 +2.39999996e-05 1.2000e-05 
 +8.00000000e-03 +4.79999981e-05 1.6000e-05 
 +1.00000000e-02 +7.99999946e-05 2.0000e-05 
 +1.20000000e-02 +1.19999987e-04 2.4000e-05 
 +1.40000000e-02 +1.67999975e-04 2.8000e-05 
 +1.60000000e-02 +2.23999954e-04 3.2000e-05 
 +1.80000000e-02 +2.87999924e-04 3.6000e-05 
 +2.00000000e-02 +3.59999880e-04 4.0000e-05 
 +2.20000000e-02 +4.39999819e-04 4.4000e-05 
 +2.40000000e-02 +5.27999737e-04 4.8000e-05 
 +2.60000000e-02 +6.23999631e-04 5.2000e-05 
 +2.80000000e-02 +7.27999496e-04 5.6001e-05 
 +3.00000000e-02 +8.39999327e-04 6.0001e-05 
 +3.20000000e-02 +9.59999118e-04 6.4001e-05 
 +3.40000000e-02 +1.08799886e-03 6.8001e-05 
 +3.60000000e-02 +1.22399856e-03 7.2001e-05 
 +3.80000000e-02 +1.36799820e-03 7.6002e-05 
 +4.00000000e-02 +1.51999777e-03 8.0002e-05 
 +4.20000000e-02 +1.67999727e-03 8.4003e-05 
 +4.40000000e-02 +1.84799669e-03 8.8003e-05 
 +4.60000000e-02 +2.02399602e-03 9.2004e-05 
 +4.80000000e-02 +2.20799526e-03 9.6005e-05 
 +5.00000000e-02 +2.39999440e-03 1.0001e-04 
 +5.20000000e-02 +2.59999342e-03 1.0401e-04 
 +5.40000000e-02 +2.80799231e-03 1.0801e-04 
 +5.60000000e-02 +3.02399108e-03 1.1201e-04 
 +5.80000000e-02 +3.24798970e-03 1.1601e-04 
 +6.00000000e-02 +3.47998816e-03 1.2001e-04 
 +6.20000000e-02 +3.71998646e-03 1.2401e-04 
 +6.40000000e-02 +3.96798459e-03 1.2802e-04 
 +6.60000000e-02 +4.22398252e-03 1.3202e-04 
 +6.80000000e-02 +4.48798026e-03 1.3602e-04 
 +7.00000000e-02 +4.75997778e-03 1.4002e-04 
 +7.20000000e-02 +5.03997507e-03 1.4402e-04 
 +7.40000000e-02 +5.32797213e-03 1.4803e-04 
 +7.60000000e-02 +5.62396893e-03 1.5203e-04 
 +7.80000000e-02 +5.92796546e-03 1.5603e-04 
 +8.00000000e-02 +6.23996171e-03 1.6004e-04 
 +8.20000000e-02 +6.55995767e-03 1.6404e-04 
 +8.40000000e-02 +6.88795331e-03 1.6805e-04 
 +8.60000000e-02 +7.22394862e-03 1.7205e-04 
 +8.80000000e-02 +7.56794359e-03 1.7606e-04 
 +9.00000000e-02 +7.91993820e-03 1.8006e-04 
 +9.20000000e-02 +8.27993243e-03 1.8407e-04 
 +9.40000000e-02 +8.64792627e-03 1.8807e-04 
 +9.60000000e-02 +9.02391969e-03 1.9208e-04 
 +9.80000000e-02 +9.40791269e-03 1.9609e-04 
 +1.00000000e-01 +9.79990523e-03 2.0009e-04 
 +1.02000000e-01 +1.01998973e-02 2.0410e-04 
 +1.04000000e-01 +1.06078889e-02 2.0811e-04 
 +1.06000000e-01 +1.10238800e-02 2.1212e-04 
 +1.08000000e-01 +1.14478705e-02 2.1613e-04 
 +1.10000000e-01 +1.18798605e-02 2.2014e-04 
 +1.12000000e-01 +1.23198500e-02 2.2415e-04 
 +1.14000000e-01 +1.27678388e-02 2.2816e-04 
 +1.16000000e-01 +1.32238271e-02 2.3217e-04 
 +1.18000000e-01 +1.36878147e-02 2.3619e-04 
 +1.20000000e-01 +1.41598017e-02 2.4020e-04 
 +1.22000000e-01 +1.46397879e-02 2.4421e-04 
 +1.24000000e-01 +1.51277735e-02 2.4823e-04 
 +1.26000000e-01 +1.56237584e-02 2.5224e-04 
 +1.28000000e-01 +1.61277425e-02 2.5626e-04 
 +1.30000000e-01 +1.66397258e-02 2.6027e-04 
 +1.32000000e-01 +1.71597084e-02 2.6429e-04 
 +1.34000000e-01 +1.76876901e-02 2.6831e-04 
 +1.36000000e-01 +1.82236709e-02 2.7233e-04 
 +1.38000000e-01 +1.87676509e-02 2.7635e-04 
 +1.40000000e-01 +1.93196300e-02 2.8037e-04 
 +1.42000000e-01 +1.98796082e-02 2.8439e-04 
 +1.44000000e-01 +2.04475854e-02 2.8841e-04 
 +1.46000000e-01 +2.10235617e-02 2.9244e-04 
 +1.48000000e-01 +2.16075369e-02 2.9646e-04 
 +1.50000000e-01 +2.21995111e-02 3.0049e-04 
 +1.52000000e-01 +2.27994843e-02 3.0452e-04 
 +1.54000000e-01 +2.34074563e-02 3.0854e-04 
 +1.56000000e-01 +2.40234272e-02 3.1257e-04 
 +1.58000000e-01 +2.46473970e-02 3.1660e-04 
 +1.60000000e-01 +2.52793656e-02 3.2063e-04 
 +1.62000000e-01 +2.59193330e-02 3.2467e-04 
 +1.64000000e-01 +2.65672991e-02 3.2870e-04 
 +1.66000000e-01 +2.72232639e-02 3.3274e-04 
 +1.68000000e-01 +2.78872275e-02 3.3677e-04 
 +1.70000000e-01 +2.85591897e-02 3.4081e-04 
 +1.72000000e-01 +2.92391505e-02 3.4485e-04 
 +1.74000000e-01 +2.99271100e-02 3.4889e-04 
 +1.76000000e-01 +3.06230679e-02 3.5293e-04 
 +1.78000000e-01 +3.13270245e-02 3.5698e-04 
 +1.80000000e-01 +3.20389795e-02 3.6102e-04 
 +1.82000000e-01 +3.27589330e-02 3.6507e-04 
 +1.84000000e-01 +3.34868848e-02 3.6912e-04 
 +1.86000000e-01 +3.42228351e-02 3.7316e-04 
 +1.88000000e-01 +3.49667838e-02 3.7722e-04 
 +1.90000000e-01 +3.57187307e-02 3.8127e-04 
 +1.92000000e-01 +3.64786760e-02 3.8532e-04 
 +1.94000000e-01 +3.72466194e-02 3.8938e-04 
 +1.96000000e-01 +3.80225611e-02 3.9344e-04 
 +1.98000000e-01 +3.88065010e-02 3.9750e-04 
 +2.00000000e-01 +3.95984390e-02 4.0156e-04 
 +2.02000000e-01 +4.03983750e-02 4.0562e-04 
 +2.04000000e-01 +4.12063092e-02 4.0969e-04 
 +2.06000000e-01 +4.20222413e-02 4.1376e-04 
 +2.08000000e-01 +4.28461714e-02 4.1783e-04 
 +2.10000000e-01 +4.36780994e-02 4.2190e-04 
 +2.12000000e-01 +4.45180254e-02 4.2597e-04 
 +2.14000000e-01 +4.53659492e-02 4.3005e-04 
 +2.16000000e-01 +4.62218708e-02 4.3413e-04 
 +2.18000000e-01 +4.70857901e-02 4.3821e-04 
 +2.20000000e-01 +4.79577072e-02 4.4229e-04 
 +2.22000000e-01 +4.88376220e-02 4.4638e-04 
 +2.24000000e-01 +4.97255344e-02 4.5047e-04 
 +2.26000000e-01 +5.06214444e-02 4.5456e-04 
 +2.28000000e-01 +5.15253519e-02 4.5865e-04 
 +2.30000000e-01 +5.24372570e-02 4.6274e-04 
 +2.32000000e-01 +5.33571595e-02 4.6684e-04 
 +2.34000000e-01 +5.42850594e-02 4.7094e-04 
 +2.36000000e-01 +5.52209567e-02 4.7504e-04 
 +2.38000000e-01 +5.61648513e-02 4.7915e-04 
 +2.40000000e-01 +5.71167432e-02 4.8326e-04 
 +2.42000000e-01 +5.80766323e-02 4.8737e-04 
 +2.44000000e-01 +5.90445186e-02 4.9148e-04 
 +2.46000000e-01 +6.00204021e-02 4.9560e-04 
 +2.48000000e-01 +6.10042826e-02 4.9972e-04 
 +2.50000000e-01 +6.19961602e-02 5.0384e-04 
 +2.52000000e-01 +6.29960347e-02 5.0797e-04 
 +2.54000000e-01 +6.40039062e-02 5.1209e-04 
 +2.56000000e-01 +6.50197746e-02 5.1623e-04 
 +2.58000000e-01 +6.60436398e-02 5.2036e-04 
 +2.60000000e-01 +6.70755018e-02 5.2450e-04 
 +2.62000000e-01 +6.81153605e-02 5.2864e-04 
 +2.64000000e-01 +6.91632159e-02 5.3278e-04 
 +2.66000000e-01 +7.02190679e-02 5.3693e-04 
 +2.68000000e-01 +7.12829165e-02 5.4108e-04 
 +2.70000000e-01 +7.23547617e-02 5.4524e-04 
 +2.72000000e-01 +7.34346033e-02 5.4940e-04 
 +2.74000000e-01 +7.45224413e-02 5.5356e-04 
 +2.76000000e-01 +7.56182757e-02 5.5772e-04 
 +2.78000000e-01 +7.67221064e-02 5.6189e-04 
 +2.80000000e-01 +7.78339333e-02 5.6607e-04 
 +2.82000000e-01 +7.89537564e-02 5.7024e-04 
 +2.84000000e-01 +8.00815757e-02 5.7442e-04 
 +2.86000000e-01 +8.12173910e-02 5.7861e-04 
 +2.88000000e-01 +8.23612024e-02 5.8280e-04 
 +2.90000000e-01 +8.35130097e-02 5.8699e-04 
 +2.92000000e-01 +8.46728129e-02 5.9119e-04 
 +2.94000000e-01 +8.58406120e-02 5.9539e-04 
 +2.96000000e-01 +8.70164068e-02 5.9959e-04 
 +2.98000000e-01 +8.82001974e-02 6.0380e-04 
 +3.00000000e-01 +8.93919837e-02 6.0802e-04 
 +3.02000000e-01 +9.05917655e-02 6.1223e-04 
 +3.04000000e-01 +9.17995429e-02 6.1646e-04 
 +3.06000000e-01 +9.30153158e-02 6.2068e-04 
 +3.08000000e-01 +9.42390841e-02 6.2492e-04 
 +3.10000000e-01 +9.54708477e-02 6.2915e-04 
 +3.12000000e-01 +9.67106067e-02 6.3339e-04 
 +3.14000000e-01 +9.79583609e-02 6.3764e-04 
 +3.16000000e-01 +9.92141102e-02 6.4189e-04 
 +3.18000000e-01 +1.00477855e-01 6.4615e-04 
 +3.20000000e-01 +1.01749594e-01 6.5041e-04 
 +3.22000000e-01 +1.03029329e-01 6.5467e-04 
 +3.24000000e-01 +1.04317058e-01 6.5894e-04 
 +3.26000000e-01 +1.05612782e-01 6.6322e-04 
 +3.28000000e-01 +1.06916501e-01 6.6750e-04 
 +3.30000000e-01 +1.08228215e-01 6.7179e-04 
 +3.32000000e-01 +1.09547923e-01 6.7608e-04 
 +3.34000000e-01 +1.10875626e-01 6.8037e-04 
 +3.36000000e-01 +1.12211323e-01 6.8468e-04 
 +3.38000000e-01 +1.13555015e-01 6.8899e-04 
 +3.40000000e-01 +1.14906701e-01 6.9330e-04 
 +3.42000000e-01 +1.16266381e-01 6.9762e-04 
 +3.44000000e-01 +1.17634056e-01 7.0194e-04 
 +3.46000000e-01 +1.19009725e-01 7.0628e-04 
 +3.48000000e-01 +1.20393387e-01 7.1061e-04 
 +3.50000000e-01 +1.21785044e-01 7.1496e-04 
 +3.52000000e-01 +1.23184695e-01 7.1931e-04 
 +3.54000000e-01 +1.24592339e-01 7.2366e-04 
 +3.56000000e-01 +1.26007978e-01 7.2802e-04 
 +3.58000000e-01 +1.27431610e-01 7.3239e-04 
 +3.60000000e-01 +1.28863235e-01 7.3676e-04 
 +3.62000000e-01 +1.30302854e-01 7.4115e-04 
 +3.64000000e-01 +1.31750467e-01 7.4553e-04 
 +3.66000000e-01 +1.33206073e-01 7.4993e-04 
 +3.68000000e-01 +1.34669672e-01 7.5433e-04 
 +3.70000000e-01 +1.36141265e-01 7.5874e-04 
 +3.72000000e-01 +1.37620851e-01 7.6315e-04 
 +3.74000000e-01 +1.39108429e-01 7.6757e-04 
 +3.76000000e-01 +1.40604001e-01 7.7200e-04 
 +3.78000000e-01 +1.42107566e-01 7.7643e-04 
 +3.80000000e-01 +1.43619123e-01 7.8088e-04 
 +3.82000000e-01 +1.45138673e-01 7.8533e-04 
 +3.84000000e-01 +1.46666216e-01 7.8978e-04 
 +3.86000000e-01 +1.48201752e-01 7.9425e-04 
 +3.88000000e-01 +1.49745279e-01 7.9872e-04 
 +3.90000000e-01 +1.51296800e-01 8.0320e-04 
 +3.92000000e-01 +1.52856312e-01 8.0769e-04 
 +3.94000000e-01 +1.54423817e-01 8.1218e-04 
 +3.96000000e-01 +1.55999314e-01 8.1669e-04 
 +3.98000000e-01 +1.57582803e-01 8.2120e-04 
 +4.00000000e-01 +1.59174284e-01 8.2572e-04 
 +4.02000000e-01 +1.60773757e-01 8.3024e-04 
 +4.04000000e-01 +1.62381222e-01 8.3478e-04 
 +4.06000000e-01 +1.63996678e-01 8.3932e-04 
 +4.08000000e-01 +1.65620126e-01 8.4387e-04 
 +4.10000000e-01 +1.67251566e-01 8.4843e-04 
 +4.12000000e-01 +1.68890997e-01 8.5300e-04 
 +4.14000000e-01 +1.70538419e-01 8.5758e-04 
 +4.16000000e-01 +1.72193833e-01 8.6217e-04 
 +4.18000000e-01 +1.73857237e-01 8.6676e-04 
 +4.20000000e-01 +1.75528633e-01 8.7137e-04 
 +4.22000000e-01 +1.77208020e-01 8.7598e-04 
 +4.24000000e-01 +1.78895397e-01 8.8060e-04 
 +4.26000000e-01 +1.80590766e-01 8.8523e-04 
 +4.28000000e-01 +1.82294124e-01 8.8988e-04 
 +4.30000000e-01 +1.84005474e-01 8.9453e-04 
 +4.32000000e-01 +1.85724814e-01 8.9919e-04 
 +4.34000000e-01 +1.87452144e-01 9.0386e-04 
 +4.36000000e-01 +1.89187465e-01 9.0853e-04 
 +4.38000000e-01 +1.90930776e-01 9.1322e-04 
 +4.40000000e-01 +1.92682077e-01 9.1792e-04 
 +4.42000000e-01 +1.94441368e-01 9.2263e-04 
 +4.44000000e-01 +1.96208648e-01 9.2735e-04 
 +4.46000000e-01 +1.97983919e-01 9.3208e-04 
 +4.48000000e-01 +1.99767179e-01 9.3682e-04 
 +4.50000000e-01 +2.01558429e-01 9.4157e-04 
 +4.52000000e-01 +2.03357668e-01 9.4633e-04 
 +4.54000000e-01 +2.05164896e-01 9.5110e-04 
 +4.56000000e-01 +2.06980114e-01 9.5589e-04 
 +4.58000000e-01 +2.08803321e-01 9.6068e-04 
 +4.60000000e-01 +2.10634516e-01 9.6548e-04 
 +4.62000000e-01 +2.12473701e-01 9.7030e-04 
 +4.64000000e-01 +2.14320874e-01 9.7513e-04 
 +4.66000000e-01 +2.16176037e-01 9.7996e-04 
 +4.68000000e-01 +2.18039187e-01 9.8481e-04 
 +4.70000000e-01 +2.19910326e-01 9.8967e-04 
 +4.72000000e-01 +2.21789454e-01 9.9455e-04 
 +4.74000000e-01 +2.23676570e-01 9.9943e-04 
 +4.76000000e-01 +2.25571673e-01 1.0043e-03 
 +4.78000000e-01 +2.27474765e-01 1.0092e-03 
 +4.80000000e-01 +2.29385845e-01 1.0142e-03 
 +4.82000000e-01 +2.31304912e-01 1.0191e-03 
 +4.84000000e-01 +2.33231967e-01 1.0240e-03 
 +4.86000000e-01 +2.35167010e-01 1.0290e-03 
 +4.88000000e-01 +2.37110040e-01 1.0340e-03 
 +4.90000000e-01 +2.39061057e-01 1.0389e-03 
 +4.92000000e-01 +2.41020061e-01 1.0439e-03 
 +4.94000000e-01 +2.42987053e-01 1.0489e-03 
 +4.96000000e-01 +2.44962031e-01 1.0540e-03 
 +4.98000000e-01 +2.46944996e-01 1.0590e-03 
 +5.00000000e-01 +2.48935948e-01 1.0641e-03 
 +5.02000000e-01 +2.50934886e-01 1.0691e-03 
 +5.04000000e-01 +2.52941811e-01 1.0742e-03 
 +5.06000000e-01 +2.54956721e-01 1.0793e-03 
 +5.08000000e-01 +2.56979618e-01 1.0844e-03 
 +5.10000000e-01 +2.59010501e-01 1.0895e-03 
 +5.12000000e-01 +2.61049370e-01 1.0946e-03 
 +5.14000000e-01 +2.63096225e-01 1.0998e-03 
 +5.16000000e-01 +2.65151065e-01 1.1049e-03 
 +5.18000000e-01 +2.67213891e-01 1.1101e-03 
 +5.20000000e-01 +2.69284702e-01 1.1153e-03 
 +5.22000000e-01 +2.71363498e-01 1.1205e-03 
 +5.24000000e-01 +2.73450279e-01 1.1257e-03 
 +5.26000000e-01 +2.75545045e-01 1.1310e-03 
 +5.28000000e-01 +2.77647796e-01 1.1362e-03 
 +5.30000000e-01 +2.79758532e-01 1.1415e-03 
 +5.32000000e-01 +2.81877252e-01 1.1467e-03 
 +5.34000000e-01 +2.84003956e-01 1.1520e-03 
 +5.36000000e-01 +2.86138645e-01 1.1574e-03 
 +5.38000000e-01 +2.88281318e-01 1.1627e-03 
 +5.40000000e-01 +2.90431974e-01 1.1680e-03 
 +5.42000000e-01 +2.92590614e-01 1.1734e-03 
 +5.44000000e-01 +2.94757238e-01 1.1788e-03 
 +5.46000000e-01 +2.96931846e-01 1.1842e-03 
 +5.48000000e-01 +2.99114437e-01 1.1896e-03 
 +5.50000000e-01 +3.01305010e-01 1.1950e-03 
 +5.52000000e-01 +3.03503567e-01 1.2004e-03 
 +5.54000000e-01 +3.05710107e-01 1.2059e-03 
 +5.56000000e-01 +3.07924630e-01 1.2114e-03 
 +5.58000000e-01 +3.10147135e-01 1.2169e-03 
 +5.60000000e-01 +3.12377622e-01 1.2224e-03 
 +5.62000000e-01 +3.14616092e-01 1.2279e-03 
 +5.64000000e-01 +3.16862543e-01 1.2335e-03 
 +5.66000000e-01 +3.19116977e-01 1.2390e-03 
 +5.68000000e-01 +3.21379392e-01 1.2446e-03 
 +5.70000000e-01 +3.23649789e-01 1.2502e-03 
 +5.72000000e-01 +3.25928168e-01 1.2558e-03 
 +5.74000000e-01 +3.28214527e-01 1.2615e-03 
 +5.76000000e-01 +3.30508868e-01 1.2671e-03 
 +5.78000000e-01 +3.32811190e-01 1.2728e-03 
 +5.80000000e-01 +3.35121492e-01 1.2785e-03 
 +5.82000000e-01 +3.37439775e-01 1.2842e-03 
 +5.84000000e-01 +3.39766038e-01 1.2900e-03 
 +5.86000000e-01 +3.42100282e-01 1.2957e-03 
 +5.88000000e-01 +3.44442505e-01 1.3015e-03 
 +5.90000000e-01 +3.46792709e-01 1.3073e-03 
 +5.92000000e-01 +3.49150892e-01 1.3131e-03 
 +5.94000000e-01 +3.51517055e-01 1.3189e-03 
 +5.96000000e-01 +3.53891196e-01 1.3248e-03 
 +5.98000000e-01 +3.56273318e-01 1.3307e-03 
 +6.00000000e-01 +3.58663418e-01 1.3366e-03 
 +6.02000000e-01 +3.61061497e-01 1.3425e-03 
 +6.04000000e-01 +3.63467554e-01 1.3484e-03 
 +6.06000000e-01 +3.65881590e-01 1.3544e-03 
 +6.08000000e-01 +3.68303604e-01 1.3604e-03 
 +6.10000000e-01 +3.70733596e-01 1.3664e-03 
 +6.12000000e-01 +3.73171566e-01 1.3724e-03 
 +6.14000000e-01 +3.75617514e-01 1.3785e-03 
 +6.16000000e-01 +3.78071439e-01 1.3846e-03 
 +6.18000000e-01 +3.80533341e-01 1.3907e-03 
 +6.20000000e-01 +3.83003221e-01 1.3968e-03 
 +6.22000000e-01 +3.85481077e-01 1.4029e-03 
 +6.24000000e-01 +3.87966910e-01 1.4091e-03 
 +6.26000000e-01 +3.90460719e-01 1.4153e-03 
 +6.28000000e-01 +3.92962505e-01 1.4215e-03 
 +6.30000000e-01 +3.95472266e-01 1.4277e-03 
 +6.32000000e-01 +3.97990004e-01 1.4340e-03 
 +6.34000000e-01 +4.00515717e-01 1.4403e-03 
 +6.36000000e-01 +4.03049405e-01 1.4466e-03 
 +6.38000000e-01 +4.05591069e-01 1.4529e-03 
 +6.40000000e-01 +4.08140707e-01 1.4593e-03 
 +6.42000000e-01 +4.10698321e-01 1.4657e-03 
 +6.44000000e-01 +4.13263908e-01 1.4721e-03 
 +6.46000000e-01 +4.15837471e-01 1.4785e-03 
 +6.48000000e-01 +4.18419007e-01 1.4850e-03 
 +6.50000000e-01 +4.21008517e-01 1.4915e-03 
 +6.52000000e-01 +4.23606001e-01 1.4980e-03 
 +6.54000000e-01 +4.26211458e-01 1.5045e-03 
 +6.56000000e-01 +4.28824889e-01 1.5111e-03 
 +6.58000000e-01 +4.31446292e-01 1.5177e-03 
 +6.60000000e-01 +4.34075668e-01 1.5243e-03 
 +6.62000000e-01 +4.36713017e-01 1.5310e-03 
 +6.64000000e-01 +4.39358338e-01 1.5377e-03 
 +6.66000000e-01 +4.42011631e-01 1.5444e-03 
 +6.68000000e-01 +4.44672896e-01 1.5511e-03 
 +6.70000000e-01 +4.47342132e-01 1.5579e-03 
 +6.72000000e-01 +4.50019339e-01 1.5647e-03 
 +6.74000000e-01 +4.52704518e-01 1.5715e-03 
 +6.76000000e-01 +4.55397667e-01 1.5783e-03 
 +6.78000000e-01 +4.58098787e-01 1.5852e-03 
 +6.80000000e-01 +4.60807878e-01 1.5921e-03 
 +6.82000000e-01 +4.63524938e-01 1.5991e-03 
 +6.84000000e-01 +4.66249968e-01 1.6060e-03 
 +6.86000000e-01 +4.68982967e-01 1.6130e-03 
 +6.88000000e-01 +4.71723936e-01 1.6201e-03 
 +6.90000000e-01 +4.74472874e-01 1.6271e-03 
 +6.92000000e-01 +4.77229781e-01 1.6342e-03 
 +6.94000000e-01 +4.79994656e-01 1.6413e-03 
 +6.96000000e-01 +4.82767499e-01 1.6485e-03 
 +6.98000000e-01 +4.85548310e-01 1.6557e-03 
 +7.00000000e-01 +4.88337089e-01 1.6629e-03 
 +7.02000000e-01 +4.91133835e-01 1.6702e-03 
 +7.04000000e-01 +4.93938549e-01 1.6775e-03 
 +7.06000000e-01 +4.96751229e-01 1.6848e-03 
 +7.08000000e-01 +4.99571876e-01 1.6921e-03 
 +7.10000000e-01 +5.02400488e-01 1.6995e-03 
 +7.12000000e-01 +5.05237067e-01 1.7069e-03 
 +7.14000000e-01 +5.08081612e-01 1.7144e-03 
 +7.16000000e-01 +5.10934122e-01 1.7219e-03 
 +7.18000000e-01 +5.13794597e-01 1.7294e-03 
 +7.20000000e-01 +5.16663037e-01 1.7370e-03 
 +7.22000000e-01 +5.19539441e-01 1.7446e-03 
 +7.24000000e-01 +5.22423809e-01 1.7522e-03 
 +7.26000000e-01 +5.25316142e-01 1.7599e-03 
 +7.28000000e-01 +5.28216437e-01 1.7676e-03 
 +7.30000000e-01 +5.31124697e-01 1.7753e-03 
 +7.32000000e-01 +5.34040919e-01 1.7831e-03 
 +7.34000000e-01 +5.36965103e-01 1.7909e-03 
 +7.36000000e-01 +5.39897250e-01 1.7987e-03 
 +7.38000000e-01 +5.42837359e-01 1.8066e-03 
 +7.40000000e-01 +5.45785430e-01 1.8146e-03 
 +7.42000000e-01 +5.48741462e-01 1.8225e-03 
 +7.44000000e-01 +5.51705455e-01 1.8305e-03 
 +7.46000000e-01 +5.54677408e-01 1.8386e-03 
 +7.48000000e-01 +5.57657322e-01 1.8467e-03 
 +7.50000000e-01 +5.60645196e-01 1.8548e-03 
 +7.52000000e-01 +5.63641030e-01 1.8630e-03 
 +7.54000000e-01 +5.66644823e-01 1.8712e-03 
 +7.56000000e-01 +5.69656575e-01 1.8794e-03 
 +7.58000000e-01 +5.72676285e-01 1.8877e-03 
 +7.60000000e-01 +5.75703954e-01 1.8960e-03 
 +7.62000000e-01 +5.78739580e-01 1.9044e-03 
 +7.64000000e-01 +5.81783164e-01 1.9128e-03 
 +7.66000000e-01 +5.84834706e-01 1.9213e-03 
 +7.68000000e-01 +5.87894204e-01 1.9298e-03 
 +7.70000000e-01 +5.90961658e-01 1.9383e-03 
 +7.72000000e-01 +5.94037069e-01 1.9469e-03 
 +7.74000000e-01 +5.97120435e-01 1.9556e-03 
 +7.76000000e-01 +6.00211756e-01 1.9642e-03 
 +7.78000000e-01 +6.03311033e-01 1.9730e-03 
 +7.80000000e-01 +6.06418264e-01 1.9817e-03 
 +7.82000000e-01 +6.09533449e-01 1.9906e-03 
 +7.84000000e-01 +6.12656588e-01 1.9994e-03 
 +7.86000000e-01 +6.15787680e-01 2.0083e-03 
 +7.88000000e-01 +6.18926725e-01 2.0173e-03 
 +7.90000000e-01 +6.22073723e-01 2.0263e-03 
 +7.92000000e-01 +6.25228673e-01 2.0353e-03 
 +7.94000000e-01 +6.28391574e-01 2.0444e-03 
 +7.96000000e-01 +6.31562427e-01 2.0536e-03 
 +7.98000000e-01 +6.34741231e-01 2.0628e-03 
 +8.00000000e-01 +6.37927985e-01 2.0720e-03 
 +8.02000000e-01 +6.41122689e-01 2.0813e-03 
 +8.04000000e-01 +6.44325343e-01 2.0907e-03 
 +8.06000000e-01 +6.47535946e-01 2.1001e-03 
 +8.08000000e-01 +6.50754498e-01 2.1095e-03 
 +8.10000000e-01 +6.53980998e-01 2.1190e-03 
 +8.12000000e-01 +6.57215446e-01 2.1286e-03 
 +8.14000000e-01 +6.60457841e-01 2.1382e-03 
 +8.16000000e-01 +6.63708183e-01 2.1478e-03 
 +8.18000000e-01 +6.66966472e-01 2.1575e-03 
 +8.20000000e-01 +6.70232706e-01 2.1673e-03 
 +8.22000000e-01 +6.73506887e-01 2.1771e-03 
 +8.24000000e-01 +6.76789012e-01 2.1870e-03 
 +8.26000000e-01 +6.80079082e-01 2.1969e-03 
 +8.28000000e-01 +6.83377096e-01 2.2069e-03 
 +8.30000000e-01 +6.86683054e-01 2.2169e-03 
 +8.32000000e-01 +6.89996954e-01 2.2270e-03 
 +8.34000000e-01 +6.93318798e-01 2.2372e-03 
 +8.36000000e-01 +6.96648584e-01 2.2474e-03 
 +8.38000000e-01 +6.99986311e-01 2.2577e-03 
 +8.40000000e-01 +7.03331979e-01 2.2680e-03 
 +8.42000000e-01 +7.06685588e-01 2.2784e-03 
 +8.44000000e-01 +7.10047137e-01 2.2889e-03 
 +8.46000000e-01 +7.13416626e-01 2.2994e-03 
 +8.48000000e-01 +7.16794054e-01 2.3099e-03 
 +8.50000000e-01 +7.20179420e-01 2.3206e-03 
 +8.52000000e-01 +7.23572724e-01 2.3313e-03 
 +8.54000000e-01 +7.26973966e-01 2.3420e-03 
 +8.56000000e-01 +7.30383145e-01 2.3529e-03 
 +8.58000000e-01 +7.33800260e-01 2.3637e-03 
 +8.60000000e-01 +7.37225311e-01 2.3747e-03 
 +8.62000000e-01 +7.40658297e-01 2.3857e-03 
 +8.64000000e-01 +7.44099217e-01 2.3968e-03 
 +8.66000000e-01 +7.47548072e-01 2.4079e-03 
 +8.68000000e-01 +7.51004860e-01 2.4191e-03 
 +8.70000000e-01 +7.54469581e-01 2.4304e-03 
 +8.72000000e-01 +7.57942235e-01 2.4418e-03 
 +8.74000000e-01 +7.61422820e-01 2.4532e-03 
 +8.76000000e-01 +7.64911336e-01 2.4647e-03 
 +8.78000000e-01 +7.68407783e-01 2.4762e-03 
 +8.80000000e-01 +7.71912160e-01 2.4878e-03 
 +8.82000000e-01 +7.75424466e-01 2.4995e-03 
 +8.84000000e-01 +7.78944701e-01 2.5113e-03 
 +8.86000000e-01 +7.82472863e-01 2.5231e-03 
 +8.88000000e-01 +7.86008954e-01 2.5350e-03 
 +8.90000000e-01 +7.89552970e-01 2.5470e-03 
 +8.92000000e-01 +7.93104913e-01 2.5591e-03 
 +8.94000000e-01 +7.96664782e-01 2.5712e-03 
 +8.96000000e-01 +8.00232575e-01 2.5834e-03 
 +8.98000000e-01 +8.03808292e-01 2.5957e-03 
 +9.00000000e-01 +8.07391933e-01 2.6081e-03 
 +9.02000000e-01 +8.10983496e-01 2.6205e-03 
 +9.04000000e-01 +8.14582982e-01 2.6330e-03 
 +9.06000000e-01 +8.18190389e-01 2.6456e-03 
 +9.08000000e-01 +8.21805716e-01 2.6583e-03 
 +9.10000000e-01 +8.25428964e-01 2.6710e-03 
 +9.12000000e-01 +8.29060131e-01 2.6839e-03 
 +9.14000000e-01 +8.32699216e-01 2.6968e-03 
 +9.16000000e-01 +8.36346219e-01 2.7098e-03 
 +9.18000000e-01 +8.40001139e-01 2.7229e-03 
 +9.20000000e-01 +8.43663975e-01 2.7360e-03 
 +9.22000000e-01 +8.47334727e-01 2.7493e-03 
 +9.24000000e-01 +8.51013394e-01 2.7626e-03 
 +9.26000000e-01 +8.54699975e-01 2.7760e-03 
 +9.28000000e-01 +8.58394468e-01 2.7895e-03 
 +9.30000000e-01 +8.62096875e-01 2.8031e-03 
 +9.32000000e-01 +8.65807193e-01 2.8168e-03 
 +9.34000000e-01 +8.69525422e-01 2.8306e-03 
 +9.36000000e-01 +8.73251561e-01 2.8444e-03 
 +9.38000000e-01 +8.76985609e-01 2.8584e-03 
 +9.40000000e-01 +8.80727565e-01 2.8724e-03 
 +9.42000000e-01 +8.84477430e-01 2.8866e-03 
 +9.44000000e-01 +8.88235201e-01 2.9008e-03 
 +9.46000000e-01 +8.92000877e-01 2.9151e-03 
 +9.48000000e-01 +8.95774459e-01 2.9295e-03 
 +9.50000000e-01 +8.99555945e-01 2.9441e-03 
 +9.52000000e-01 +9.03345334e-01 2.9587e-03 
 +9.54000000e-01 +9.07142626e-01 2.9734e-03 
 +9.56000000e-01 +9.10947819e-01 2.9882e-03 
 +9.58000000e-01 +9.14760913e-01 3.0031e-03 
 +9.60000000e-01 +9.18581907e-01 3.0181e-03 
 +9.62000000e-01 +9.22410799e-01 3.0332e-03 
 +9.64000000e-01 +9.26247589e-01 3.0484e-03 
 +9.66000000e-01 +9.30092276e-01 3.0637e-03 
 +9.68000000e-01 +9.33944859e-01 3.0791e-03 
 +9.70000000e-01 +9.37805337e-01 3.0947e-03 
 +9.72000000e-01 +9.41673709e-01 3.1103e-03 
 +9.74000000e-01 +9.45549975e-01 3.1260e-03 
 +9.76000000e-01 +9.49434132e-01 3.1419e-03 
 +9.78000000e-01 +9.53326180e-01 3.1578e-03 
 +9.80000000e-01 +9.57226118e-01 3.1739e-03 
 +9.82000000e-01 +9.61133946e-01 3.1901e-03 
 +9.84000000e-01 +9.65049661e-01 3.2063e-03 
 +9.86000000e-01 +9.68973263e-01 3.2227e-03 
 +9.88000000e-01 +9.72904752e-01 3.2392e-03 
 +9.90000000e-01 +9.76844125e-01 3.2559e-03 
 +9.92000000e-01 +9.80791382e-01 3.2726e-03 
 +9.94000000e-01 +9.84746521e-01 3.2895e-03 
 +9.96000000e-01 +9.88709542e-01 3.3065e-03 
 +9.98000000e-01 +9.92680444e-01 3.3236e-03 
 +1.00000000e+00 +9.96659225e-01 3.3408e-03 
